10682 107000
15822 241000
2693 150000
4924 69000
17105 245000
14160 236000
600 87000
2789 77000
303 55000
4602 103000
981 177000
2140 223000
17392 243000
14015 189000
18323 209000
19893 228000
651 115000
592 96000
7120 113000
5552 74000
3368 145000
18976 203000
5027 126000
4680 92000
4233 137000
14154 214000
12448 174000
19584 204000
7512 84000
1157 98000
5868 236000
282 220000
8812 128000
15229 195000
1990 72000
991 82000
12473 226000
4162 51000
15455 180000
6119 85000
2026 223000
20538 248000
5553 85000
3406 86000
15058 184000
6154 72000
526 140000
14379 248000
9421 117000
1370 100000
9172 165000
9395 184000
1150 93000
6204 99000
9034 163000
2458 146000
6497 147000
13477 149000
2141 180000
1776 76000
391 141000
1810 185000
17880 218000
7114 73000
178 151000
12791 158000
6356 225000
11503 199000
6309 151000
9695 222000
9123 230000
16419 183000
3919 57000
1143 50000
3124 81000
4566 83000
11673 162000
2870 162000
5652 78000
8033 239000
17180 198000
2157 72000
11185 203000
8057 239000
2680 70000
1726 249000
4398 129000
14940 188000
1558 74000
8574 101000
1169 176000
2660 94000
2326 124000
802 76000
2478 54000
10457 186000
16026 200000
7868 242000
13459 184000
3141 67000
5915 198000
15575 163000
7525 194000
909 152000
2944 82000
14383 192000
8498 191000
15862 186000
3138 50000
211 123000
15253 178000
6916 225000
10039 228000
15354 191000
13602 182000
6655 238000
9185 186000
6867 187000
8553 161000
7095 97000
13713 214000
11535 152000
15240 168000
7257 151000
12394 238000
7074 95000
3751 143000
4974 75000
16947 221000
2924 52000
137 62000
11635 159000
4992 119000
2535 65000
5037 133000
4064 53000
4124 62000
2841 140000
6617 75000
24207 244000
7442 144000
3336 139000
3392 182000
11595 233000
17960 230000
3750 53000
8745 110000
908 111000
8507 226000
3870 107000
19114 238000
4818 117000
10224 158000
5888 66000
1822 73000
3168 72000
18422 203000
2487 73000
6258 159000
439 51000
440 62000
