620 62000
2082 69000
6154 93000
3035 66000
4550 58000
372 28000
45 24000
1095 60000
3398 59000
1698 27000
1193 53000
1043 15000
1752 45000
216 20000
4536 67000
1232 100000
1203 16000
1599 17000
1911 94000
2459 26000
4252 85000
3261 48000
4483 47000
1461 33000
4925 63000
5676 79000
4004 75000
5438 89000
1736 75000
334 19000
6232 92000
257 55000
2822 47000
2742 29000
3997 40000
2515 92000
2940 78000
5749 99000
555 46000
2281 77000
6363 67000
1697 26000
78 38000
731 16000
1983 54000
1716 18000
4781 95000
3841 100000
846 14000
601 16000
679 12000
2192 56000
4472 85000
1862 37000
762 13000
952 11000
2421 51000
2170 27000
2255 40000
