3416 68000
3245 33000
744 37000
5514 61000
376 36000
7895 96000
3914 42000
120 48000
2859 37000
175 29000
4368 47000
2097 81000
931 85000
4564 55000
80 41000
1073 39000
2839 99000
3288 50000
5232 86000
3713 58000
4048 74000
3262 47000
1667 35000
7660 93000
144 83000
5702 74000
3999 77000
4131 74000
5343 54000
2195 77000
447 20000
5925 88000
950 32000
6504 77000
6740 93000
6782 72000
2076 63000
3716 45000
5573 58000
1893 62000
1608 47000
3443 43000
477 47000
4435 56000
6404 81000
78 25000
2825 51000
6293 79000
2916 88000
1915 56000
2060 68000
1309 55000
155 57000
2672 28000
4006 93000
3327 83000
8453 87000
606 87000
7261 82000
8137 96000
3237 44000
3744 65000
949 16000
2912 60000
1324 76000
3884 51000
226 17000
1014 24000
847 28000
553 12000
905 21000
4124 96000
48 33000
889 64000
2691 49000
5959 78000
3139 36000
9436 96000
515 15000
5810 74000
1556 90000
272 20000
4929 50000
1290 59000
7060 96000
899 55000
5133 53000
548 12000
6234 77000
2713 30000
3051 37000
238 50000
26 11000
3252 50000
1579 33000
8923 90000
1175 31000
2821 30000
1066 32000
1314 20000
5258 85000
2595 69000
802 44000
829 34000
4006 66000
1307 47000
1643 75000
249 80000
1455 15000
5391 96000
9017 92000
2070 64000
1241 22000
1493 58000
4190 92000
3646 53000
464 65000
