65 11000
5291 61000
1135 41000
2072 62000
610 30000
695 38000
4684 73000
933 25000
4170 58000
6047 62000
4648 99000
1161 15000
5141 55000
1329 14000
4034 88000
659 42000
3921 40000
3164 50000
6222 85000
2106 77000
9219 98000
3554 49000
641 24000
6315 70000
898 38000
3557 69000
8352 94000
2410 30000
1693 24000
563 89000
7734 92000
1199 82000
3648 45000
188 43000
3213 91000
2211 70000
1490 53000
1554 16000
1330 16000
6750 96000
1873 81000
4484 59000
520 58000
1337 16000
5571 94000
482 50000
1026 39000
738 15000
3250 76000
3629 89000
1044 55000
5839 92000
1964 44000
4315 51000
2136 75000
331 58000
2583 27000
3281 75000
3115 79000
2107 36000
954 38000
334 37000
1763 20000
6051 64000
587 27000
3356 41000
240 97000
347 38000
3098 39000
4725 81000
7700 84000
1172 15000
2077 57000
224 44000
7141 92000
7629 81000
2555 76000
1362 80000
2396 85000
672 12000
1192 66000
2007 43000
5156 71000
7891 85000
1457 20000
2975 57000
3533 48000
293 85000
2290 81000
2926 93000
1291 84000
701 33000
4667 69000
1124 13000
2739 32000
1532 36000
3852 85000
1264 49000
4726 68000
514 11000
3903 42000
3004 47000
1602 30000
2726 47000
818 87000
4623 76000
2307 53000
2435 100000
4891 100000
1054 35000
2797 80000
467 22000
1175 12000
1950 75000
530 23000
6805 87000
3336 39000
1806 39000
337 36000
7365 95000
3131 55000
382 34000
5257 60000
854 89000
1719 24000
4618 65000
7405 94000
1631 85000
4604 65000
1282 81000
2334 47000
1765 53000
6097 100000
6147 84000
873 16000
812 82000
1083 37000
5810 100000
754 25000
