5029 72000
4844 173000
13956 158000
3733 63000
7265 138000
6410 65000
3699 121000
8008 92000
3069 199000
6946 151000
13145 146000
5247 187000
7298 136000
17923 204000
10261 173000
765 102000
3707 177000
8034 104000
1075 161000
15178 162000
3692 142000
11628 156000
11393 230000
18210 199000
2928 131000
2628 208000
8485 101000
471 104000
4361 51000
4119 178000
7720 144000
15863 247000
19737 214000
2319 102000
949 176000
10584 120000
3103 234000
20410 233000
23635 249000
14407 234000
440 210000
2860 77000
7824 127000
18757 220000
7245 95000
6919 238000
5307 125000
11191 156000
12817 184000
10569 194000
3218 173000
3991 140000
12740 169000
4959 105000
12004 148000
146 68000
6628 68000
288 241000
5543 160000
11643 236000
4993 108000
10988 170000
4099 126000
6894 182000
6272 203000
16283 215000
7206 220000
2758 239000
231 178000
17124 172000
5053 212000
2645 53000
2090 64000
2891 236000
3424 214000
7437 174000
1078 195000
7155 89000
3277 60000
20445 225000
5122 226000
3797 66000
8271 177000
8201 89000
4420 67000
17135 179000
1952 64000
1512 206000
5062 71000
15355 185000
1719 60000
18715 205000
4238 248000
5092 180000
4921 163000
5117 192000
17134 205000
7800 143000
379 105000
1492 161000
14276 162000
