5990 60000
1510 23000
1185 66000
1713 24000
768 11000
4620 77000
69 10000
2391 66000
226 41000
2145 48000
388 70000
787 82000
5869 82000
4820 65000
8066 92000
1745 20000
340 60000
216 35000
4915 78000
2401 32000
1835 79000
2150 23000
399 10000
4121 81000
2905 94000
926 14000
6439 90000
2304 24000
8317 93000
638 54000
1492 60000
36 28000
3167 46000
3202 41000
1078 39000
991 82000
2318 42000
2775 34000
4465 52000
2808 39000
718 79000
4058 49000
3267 50000
3406 86000
2046 25000
4274 50000
94 25000
3363 58000
3382 42000
507 37000
3780 68000
3319 65000
767 62000
752 12000
776 14000
943 56000
884 20000
8955 99000
1166 98000
748 32000
225 81000
871 89000
4429 54000
6725 69000
65 55000
4048 50000
2345 83000
4798 83000
585 14000
2533 58000
2499 63000
3230 36000
5089 74000
1646 72000
2469 64000
2476 45000
5044 70000
1063 60000
2971 41000
2353 70000
4946 57000
2098 70000
1102 20000
1416 42000
1570 41000
305 44000
1739 51000
2861 36000
1453 69000
2547 30000
93 14000
2406 85000
1201 64000
401 38000
872 19000
4329 77000
5449 68000
2211 68000
3438 47000
4079 87000
1942 65000
1720 18000
2948 76000
437 73000
1867 52000
5094 68000
2892 65000
3923 46000
3201 51000
98 57000
5913 69000
953 31000
2554 58000
8039 100000
1420 19000
2405 86000
1679 34000
1322 36000
1275 24000
951 13000
1538 24000
2125 28000
8255 91000
769 16000
1979 38000
2085 28000
446 17000
3515 53000
1227 16000
1856 33000
195 88000
1610 22000
1888 45000
2223 57000
909 24000
6826 89000
1131 17000
1299 64000
1941 22000
6548 66000
4083 79000
1824 76000
1305 70000
2140 43000
859 11000
3892 55000
4452 56000
90 11000
1167 31000
3075 85000
7951 99000
1318 32000
5824 90000
8298 93000
674 27000
2772 63000
1452 16000
2249 66000
2283 58000
138 16000
675 95000
