13565 141000
7080 75000
12590 135000
9152 118000
322 90000
15414 161000
8504 96000
264 141000
17514 177000
7605 183000
6469 91000
6639 155000
3023 89000
10592 181000
3419 201000
5216 89000
9526 213000
7771 174000
4610 152000
1878 228000
13915 227000
13921 188000
1842 155000
13169 155000
6627 139000
7702 179000
987 70000
8320 170000
7961 80000
21129 242000
969 54000
3921 156000
16042 169000
4841 123000
4300 139000
11869 206000
820 131000
7112 89000
9032 92000
6211 106000
8643 127000
4158 177000
1180 115000
9927 168000
10116 203000
21195 217000
17146 226000
16471 170000
7985 178000
14017 153000
2165 157000
1245 82000
7352 132000
11105 237000
2097 66000
18477 216000
7628 249000
14487 229000
366 52000
12180 226000
14421 174000
643 71000
22415 244000
6524 120000
24465 246000
4855 105000
19051 198000
4532 178000
6051 201000
13310 201000
8585 210000
7935 92000
2945 85000
3686 117000
