2511 50000
22813 232000
1005 50000
10214 113000
1180 113000
11678 142000
6523 70000
257 103000
14295 185000
687 114000
21654 233000
2537 98000
2475 226000
13692 165000
193 99000
6878 250000
1548 54000
5655 86000
4441 73000
13827 216000
6564 120000
4303 62000
9049 190000
9801 119000
288 166000
4700 61000
7686 148000
4298 77000
14742 149000
5501 193000
1452 65000
8887 132000
7125 240000
9798 116000
9493 131000
9513 101000
7447 226000
18992 230000
12587 131000
2931 96000
7868 230000
19617 245000
994 98000
17819 225000
12017 152000
237 76000
9250 167000
16409 206000
3711 112000
3795 111000
4362 144000
2142 90000
214 79000
23093 242000
8615 200000
10021 250000
5829 60000
466 67000
8766 99000
19918 235000
15228 207000
11750 204000
9430 159000
7716 159000
4215 242000
6930 91000
1249 94000
7393 175000
2238 74000
7465 162000
8015 186000
8119 189000
295 203000
3000 216000
13235 241000
6493 85000
8632 99000
13957 142000
2437 71000
19549 249000
1556 90000
3223 237000
8576 87000
1115 51000
10810 147000
2288 140000
21113 218000
8676 190000
19673 243000
13112 145000
16079 195000
471 99000
333 141000
8845 136000
7320 153000
7634 77000
4965 131000
13540 144000
3997 120000
10380 158000
10577 171000
4061 108000
984 54000
2633 108000
12321 203000
4866 175000
1862 85000
161 52000
23765 245000
9883 176000
11467 117000
1617 50000
13651 242000
5019 195000
7970 175000
6672 97000
1113 156000
