1950 195000
5521 183000
6286 95000
2851 62000
8629 110000
3201 241000
348 186000
1478 81000
8638 150000
14275 227000
2205 98000
9943 143000
8448 217000
2538 235000
8530 126000
2858 232000
17142 228000
15425 164000
1687 83000
15132 160000
4402 88000
7744 114000
5532 58000
9297 210000
12976 166000
17243 240000
12972 243000
14969 245000
2870 124000
3322 189000
4267 63000
626 134000
8225 137000
11440 121000
20384 204000
5795 212000
8480 225000
12136 209000
1508 125000
6191 209000
7502 79000
15338 235000
192 94000
7310 160000
4773 130000
7531 79000
9209 183000
4954 129000
4290 71000
7324 195000
13466 238000
5362 137000
5787 110000
10870 216000
12895 220000
18347 212000
4652 98000
13421 167000
2931 52000
