449 76000
11796 136000
4512 163000
6683 200000
2785 137000
2450 134000
6737 105000
8583 230000
16680 232000
17555 180000
10234 218000
11997 155000
18601 199000
15568 164000
8984 196000
1600 102000
21467 219000
9238 146000
5490 75000
1449 53000
12887 137000
6237 86000
6223 233000
14163 157000
2434 103000
12423 241000
17770 200000
15424 192000
16012 227000
1353 214000
10087 120000
1827 125000
13213 163000
349 80000
5190 147000
4516 143000
5706 203000
16122 166000
16458 198000
4359 62000
3098 134000
18696 246000
797 89000
14122 169000
14046 237000
1224 127000
1525 58000
8856 180000
9707 227000
2201 54000
2752 145000
15422 243000
7231 162000
5245 62000
3332 117000
1141 200000
5740 60000
8049 184000
8240 209000
10242 175000
5372 214000
2013 223000
10578 120000
23353 247000
1326 61000
11295 138000
390 158000
1196 131000
17396 219000
11316 194000
15674 171000
4609 59000
3534 97000
605 119000
16998 219000
9701 103000
3193 95000
2025 119000
1832 65000
5880 105000
1607 89000
8914 191000
9513 131000
10583 114000
12384 170000
2818 54000
4784 65000
455 132000
5993 212000
7582 241000
2167 141000
3101 146000
14203 210000
9251 107000
6590 77000
3106 73000
10015 221000
1883 73000
14039 202000
5794 124000
11151 120000
3770 59000
4378 82000
4408 76000
2162 230000
10036 165000
5702 131000
5186 213000
4695 96000
6233 207000
3076 88000
1188 56000
21150 216000
6214 239000
1590 69000
18850 241000
7612 89000
6992 151000
2022 216000
7907 102000
3131 55000
1280 114000
16033 183000
1084 113000
12104 169000
11509 162000
11816 150000
3760 196000
8145 115000
3608 228000
5363 108000
6127 184000
4816 79000
9220 126000
3928 72000
2099 212000
4156 142000
3253 56000
3498 116000
