6350 66000
5098 54000
8580 92000
7524 97000
61 17000
3734 39000
3189 36000
30 16000
6531 66000
1787 43000
6327 89000
4198 98000
1053 31000
4506 77000
1361 80000
1641 28000
492 11000
4377 98000
546 18000
313 38000
3249 53000
2814 38000
1058 89000
7562 89000
2098 44000
1334 31000
141 10000
832 17000
2886 29000
8382 96000
1724 96000
1081 43000
3702 39000
2047 52000
2537 82000
2420 42000
263 42000
1918 24000
7756 79000
4571 78000
4492 66000
1950 83000
154 15000
4550 77000
1495 30000
7521 77000
4628 61000
9592 99000
2557 57000
3573 39000
1131 82000
319 21000
1504 27000
4030 86000
572 18000
2053 24000
337 11000
1202 19000
141 20000
5282 98000
3481 42000
145 16000
9003 98000
1468 27000
2188 22000
3884 84000
7505 78000
2139 84000
2258 75000
2715 41000
2453 60000
8108 94000
693 20000
1796 57000
