6426 92000
420 15000
6625 75000
1126 19000
1053 20000
6706 68000
1223 40000
1741 20000
401 26000
874 19000
2341 26000
1796 64000
1932 36000
5008 57000
949 16000
743 99000
1571 75000
1236 16000
354 53000
4310 46000
936 36000
3876 52000
644 13000
5033 55000
1319 59000
733 58000
6973 83000
136 30000
5217 61000
1967 85000
3914 73000
5138 80000
1199 13000
432 19000
480 89000
1323 15000
557 42000
876 10000
3607 38000
3879 63000
107 51000
743 20000
4251 69000
3240 38000
839 11000
1948 67000
3312 78000
3587 50000
3692 53000
3269 60000
1693 91000
1568 55000
7388 98000
4298 91000
3731 46000
170 79000
7408 76000
109 91000
3257 94000
3651 74000
3930 85000
711 11000
2798 86000
2197 58000
309 10000
2878 38000
2719 83000
1131 98000
82 63000
5476 55000
1621 68000
2895 58000
1535 47000
147 12000
928 58000
3163 74000
520 94000
804 10000
2731 50000
2726 30000
340 15000
2877 50000
3318 71000
6635 72000
4355 66000
4595 48000
1556 51000
470 64000
6702 94000
830 10000
2407 84000
1552 17000
769 45000
2348 83000
2959 98000
1759 66000
7021 84000
2291 42000
195 54000
621 67000
2115 24000
